0.772060352	0.772721522	0
0.92201996	-0.97358816	0
0.051782708	-0.889602402	0
-0.297853084	0.458195993	1
0.667732228	0.010444899	1
-0.815152717	-0.44210081	0
0.265607898	-0.993860293	0
-0.703557043	0.908473887	0
-0.818684129	0.835714338	0
-0.949034543	-0.909722821	0
0.387529907	0.434232247	1
0.084529628	-0.548041914	1
0.678573653	-0.835060424	0
0.050169806	0.997770254	0
-0.195489725	0.755817663	1
0.32995256	-0.349433671	1
0.093655113	0.983417557	0
-0.951009011	0.02782259	0
0.62904271	-0.228340846	1
0.521792159	0.41965689	1
-0.40502465	0.957019678	0
-0.845823478	-0.182612129	0
-0.197200429	0.759113107	1
0.021515366	-0.986504003	0
-0.690491723	0.962263454	0
0.150942531	0.070009212	1
-0.965532703	0.797255895	0
0.936216442	-0.665030233	0
-0.596460737	0.80875553	0
0.149773415	-0.063474033	1
-0.123111074	-0.284719099	1
-0.26158637	0.803382092	0
0.070461046	0.637143105	1
-0.011458048	0.820530368	0
-0.980670611	0.057150038	0
0.154177553	0.486091289	1
0.802738385	0.772179776	0
-0.465720764	0.805975322	0
-0.085032295	-0.588620665	1
0.681008942	-0.048292818	1
-0.29403024	-0.053815263	1
-0.464935235	0.972016883	0
0.097095336	0.002168489	1
0.783179019	-0.951735065	0
0.374117028	0.110837163	1
0.097997385	-0.952733785	0
0.118333041	-0.921838802	0
-0.770274402	-0.777018285	0
-0.009896614	0.89202481	0
-0.40131877	0.512968053	1
0.292343354	-0.909112979	0
0.440285232	-0.653079422	1
0.94857294	0.284769071	0
0.704196136	0.728262946	0
-0.334814184	-0.93971943	0
0.248553216	0.837748712	0
0.570923998	-0.122207132	1
0.73874851	0.000483437	1
-0.826906201	-0.90901841	0
0.211869848	0.7374187	1
-0.839176312	-0.03680924	0
-0.920339621	0.708871215	0
-0.102305335	0.92906742	0
-0.748980931	-0.610193058	0
-0.85160938	0.757477648	0
0.587189177	0.103364194	1
0.492785245	-0.23309581	1
-0.40886851	-0.854314772	0
-0.465290876	-0.877049696	0
0.567154144	0.341472316	1
-0.221561509	-0.216648132	1
-0.241268491	-0.714069321	1
0.635546798	-0.782301097	0
0.451815269	-0.609726587	1
-0.833030188	0.616671577	0
0.267309545	0.077944886	1
-0.163052469	0.808163468	0
0.869069264	-0.741653166	0
0.387508672	-0.602594965	1
0.211797316	0.97935052	0
-0.545542892	0.281209609	1
-0.440491356	-0.202840875	1
0.013692718	-0.438011409	1
0.777737817	-0.375150675	0
-0.449770242	0.023889035	1
0.775605494	0.081275427	1
0.774989617	-0.521201706	0
0.556816074	-0.832142495	0
0.158387377	0.636730876	1
0.116928695	-0.247895126	1
0.462340515	-0.939852102	0
0.780281852	0.526552621	0
0.27367243	-0.600506795	1
-0.213173644	-0.092370783	1
-0.489418512	0.481964228	1
0.683177238	0.743882889	0
0.142999382	0.561994721	1
-0.492620748	-0.076235596	1
0.804452817	-0.863264485	0
0.75554934	0.652469458	0
0.687929556	0.126296275	1
0.108950909	-0.97673636	0
0.619694845	-0.760481654	0
0.381810495	0.174708829	1
-0.334799649	0.032498534	1
0.859549815	-0.183959353	0
-0.661964339	-0.776785785	0
0.211586829	0.938252622	0
0.38942231	-0.066146686	1
-0.456223168	0.379716836	1
-0.584255656	0.697996148	0
-0.239987788	-0.211222573	1
-0.141353503	0.177628895	1
-0.634775282	0.840745578	0
-0.004444569	0.143318994	1
0.019180947	0.358680764	1
0.396956786	-0.030827106	1
0.352866322	0.953669787	0
-0.468905312	0.719415028	0
0.790680728	-0.673590886	0
0.019146127	0.7692617	1
0.175469785	-0.150904103	1
0.529252472	-0.598497444	1
0.001190172	-0.6780496	1
-0.806314906	-0.968821907	0
0.206820135	-0.162049486	1
0.942058351	-0.866677183	0
0.743827872	0.936931825	0
0.62607616	-0.205956473	1
0.49707496	0.769614438	0
0.539955263	-0.616813251	0
-0.366820116	0.878128285	0
-0.952216523	-0.175450176	0
-0.967502045	0.774575962	0
-0.391345158	0.114115941	1
-0.287964222	-0.935577311	0
-0.532716289	0.621187741	0
-0.772065532	-0.279748859	0
-0.244536692	-0.641961335	1
-0.125519127	0.698436339	1
0.837885873	-0.794233191	0
-0.177326987	0.048161518	1
-0.902376485	-0.592392767	0
0.419216865	-0.850454685	0
-0.877276559	0.678142834	0
-0.12057751	-0.816864039	0
0.751072113	0.883724395	0
-0.944745097	-0.820991504	0
-0.783807808	-0.734706514	0
0.033849806	0.941691535	0
-0.910647391	0.928039527	0
-0.648748914	0.078578377	1
0.909815201	-0.53455088	0
-0.487775501	0.708862375	0
-0.987689552	0.449774722	0
-0.940678075	0.661340316	0
-0.46318463	0.8450234	0
-0.405523175	-0.007577837	1
-0.115185706	0.42019769	1
0.726832037	-0.812108005	0
0.891345535	0.841100602	0
-0.37553985	-0.245082908	1
-0.753072264	0.378136323	0
-0.218235871	0.907925552	0
0.051666553	0.784055131	1
0.58540948	-0.359640227	1
-0.285276166	-0.121620082	1
-0.072553888	-0.311068534	1
-0.332119925	-0.760937147	0
0.589261273	-0.017015317	1
0.314494845	0.64475646	1
0.934275947	0.762675456	0
0.36937175	-0.594075104	1
0.805072814	0.861409521	0
0.270522927	-0.186938983	1
-0.645605403	0.907297675	0
0.685225159	-0.368071706	1
0.980135523	-0.377096089	0
-0.739396464	0.893647634	0
-0.658905906	-0.983822333	0
-0.817565091	-0.180421552	0
-0.021422943	0.637953008	1
-0.376031623	-0.16896077	1
-0.163330287	0.123870836	1
0.083174337	0.223064178	1
0.103164672	-0.263247209	1
-0.315716001	0.653561889	1
-0.922467347	0.62063064	0
-0.390692329	-0.467303003	1
0.065611991	0.640311969	1
0.447004958	0.581277897	1
-0.997810427	0.830633751	0
-0.744870935	-0.797217178	0
0.431346516	-0.421122554	1
-0.094089506	0.277190565	1
0.0215505	0.723227156	1
0.536041592	-0.176109576	1
-0.982657574	-0.289834864	0
0.234473583	-0.730501029	1
-0.066280599	0.552497799	1
0.058604755	0.124752702	1
-0.989007098	-0.002097065	0
-0.969192892	0.450093465	0
-0.029187961	0.164486044	1
-0.507653822	0.420705259	1
-0.559262436	0.375319507	1
0.950121595	-0.87506238	0
-0.532185848	-0.875536433	0
0.738667082	-0.685239103	0
0.323533503	-0.512390168	1
-0.43591723	-0.136273447	1
-0.48009599	0.92077356	0
0.76978085	0.774211072	0
-0.042188746	-0.733015014	1
-0.556747976	-0.378365018	1
0.713330608	0.030568833	1
-0.345738198	-0.081498015	1
0.850012576	-0.052010542	0
0.399830605	0.767756501	0
0.978526941	-0.749265543	0
-0.612540938	0.871384769	0
0.578765974	-0.974781241	0
-0.394355189	-0.20409353	1
0.167145704	0.078326471	1
0.465894323	-0.41181777	1
0.230450391	-0.716271336	1
0.484632511	0.941945683	0
-0.68008367	0.558539563	0
-0.207461658	-0.756086561	1
-0.468109854	0.419988627	1
-0.650246172	0.232074514	1
0.030783225	-0.871944521	0
0.759023832	0.833067989	0
-0.888053416	-0.268800011	0
0.374042854	-0.917601874	0
0.94266673	-0.392549594	0
0.609396707	0.159998462	1
-0.693306411	0.477376695	0
-0.057910912	-0.331501604	1
0.289091699	-0.761060017	0
0.331245585	0.195385941	1
-0.535021782	-0.844854991	0
-0.043912263	-0.005507841	1
-0.9941102	0.702744745	0
-0.431939838	0.404400363	1
-0.516986472	-0.986441234	0
0.42625184	-0.326907321	1
0.047770147	0.470618505	1
-0.238301696	0.453412675	1
-0.295337655	-0.974556681	0
0.541196927	0.149808677	1
0.024280854	0.881333324	0
-0.546363393	0.056497058	1
0.958561365	0.98246466	0
0.386184938	0.601532054	1
-0.657032863	0.709618634	0
-0.972635347	0.05465274	0
0.941993792	0.852463076	0
-0.052645019	-0.165048347	1
-0.350799822	-0.399028083	1
0.729549707	-0.802755384	0
-0.396912799	0.479539854	1
0.548382375	-0.99084254	0
-0.921903518	-0.256816129	0
-0.162161871	0.424957751	1
0.800981929	0.35607515	0
-0.347791314	-0.9430195	0
0.237685292	-0.254825003	1
-0.612613165	0.056471112	1
-0.686303265	-0.300551027	1
0.010165317	0.694428592	1
0.602574012	-0.546841466	0
0.640914726	0.431134241	1
-0.094378038	-0.391008759	1
-0.301887868	-0.804430655	0
0.173146379	0.540552188	1
0.511256386	0.930188617	0
0.399283058	-0.386318953	1
-0.360670241	-0.792287249	0
-0.79069883	-0.175321396	0
-0.368830178	-0.659692706	1
0.562334375	-0.510408681	1
-0.615808345	-0.60497997	0
0.387958768	-0.017980873	1
-0.642098659	-0.362778056	1
-0.762736178	0.902027666	0
-0.82547883	0.584463699	0
0.692890172	0.073173226	1
0.046425033	0.195681486	1
0.368477075	0.279614326	1
0.29289148	0.698746488	1
0.110577181	0.908281947	0
0.672897515	-0.451055531	0
0.891468252	0.93522795	0
0.545315213	-0.60353539	0
-0.866450999	-0.42485176	0
-0.488338146	-0.623807744	1
-0.224263035	0.257209673	1
0.484925435	0.100581993	1
0.308060673	-0.660072677	1
-0.418660957	0.943905155	0
-0.602374488	0.128754381	1
-0.016083146	-0.918761137	0
-0.560248245	0.561732523	1
-0.417026099	0.991973642	0
0.134308718	0.4662201	1
0.408119151	0.519300641	1
0.047094724	-0.520709558	1
0.270859905	0.350105053	1
-0.555385269	0.853913344	0
-0.856416532	0.196517891	0
-0.076333687	-0.475873661	1
-0.839997038	0.363451519	0
-0.302256319	-0.019059306	1
-0.621923742	0.472344136	1
0.235791394	0.276810053	1
-0.424788758	0.984018323	0
0.601202699	-0.038251121	1
0.925125437	0.862186008	0
-0.709134902	-0.377167467	0
0.518489992	-0.856840918	0
0.972576032	0.834373826	0
0.420758737	-0.03372695	1
-0.92066846	0.417535528	0
0.523882491	0.59082764	1
-0.780621838	-0.881301391	0
0.758337271	-0.998993077	0
0.490610195	-0.880636275	0
-0.30721839	-0.172642834	1
0.431011765	-0.973397088	0
0.50664336	-0.670557741	0
0.455229445	-0.481335038	1
-0.336721298	0.140459178	1
-0.540583018	0.698985372	0
-0.723909255	0.79769749	0
-0.63601994	0.759843936	0
0.609165343	-0.930028102	0
-0.562520123	-0.916303502	0
0.684505574	0.764601924	0
-0.504954628	-0.093212968	1
-0.315436647	0.318750155	1
-0.728002124	0.872011864	0
-0.516204396	0.622015362	0
0.090755962	-0.166924462	1
0.812055203	-0.907825085	0
-0.517024196	0.076938982	1
-0.574493894	-0.358735311	1
-0.760660161	0.965829789	0
0.382455854	-0.996113585	0
0.227126064	-0.658528258	1
-0.920723287	-0.13951096	0
-0.571230269	-0.589983772	0
0.471152462	0.578303822	1
0.489790265	-0.37363962	1
-0.532108	-0.465447147	1
0.241399492	0.562086597	1
0.228098536	-0.609812959	1
0.662528262	0.899574103	0
-0.231683468	-0.456653691	1
-0.445057191	0.593801432	1
-0.021889295	0.377137391	1
-0.300376103	-0.434894486	1
-0.170656812	-0.10512245	1
0.09154706	-0.639915413	1
-0.956131581	-0.579308258	0
-0.593873705	-0.55987513	0
0.538801374	-0.677711328	0
-0.954232564	-0.757472099	0
-0.748532198	-0.306144938	0
0.964480604	-0.75672411	0
0.086107122	0.570347744	1
-0.967174844	0.611079178	0
0.740794906	-0.360829063	0
0.116266638	-0.912488163	0
-0.979927483	0.377916179	0
0.782007815	-0.043315028	1
-0.672229828	-0.770557573	0
-0.931447587	-0.589013335	0
0.690742095	0.320918165	1
0.773959706	-0.149073486	1
-0.62741207	-0.884303082	0
0.068071168	0.213174236	1
0.915122274	-0.138186775	0
0.107484941	-0.39161113	1
-0.497949865	-0.856685064	0
0.038998885	-0.027282556	1
-0.067055021	0.233207321	1
0.782044651	0.206461049	0
-0.090149259	-0.265144276	1
0.063086459	0.050891987	1
-0.380614178	-0.228568336	1
0.244322623	-0.065516632	1
-0.798730663	0.117624983	0
0.865831253	-0.554752688	0
-0.654175182	0.130411606	1
-0.319285729	-0.937455446	0
-0.553456761	-0.558852981	1
-0.935293522	-0.874456028	0
0.113929917	-0.160316447	1
0.585369099	0.57253358	0
-0.384073203	-0.287859652	1
-0.270855102	0.646320522	1
0.358367992	0.08743449	1
0.079447578	-0.549510057	1
-0.997232544	-0.435785422	0
0.210566121	-0.009576314	1
0.529055727	-0.220041879	1
0.761906469	-0.34482272	0
-0.58101442	0.046123904	1
0.928107451	0.198327643	0
-0.547866743	0.68282491	0
0.970246422	0.103951156	0
-0.054546143	-0.34410906	1
0.409880078	0.43878994	1
-0.978830481	-0.761798906	0
-0.927063526	0.61233523	0
-0.728588467	0.977829615	0
0.280193967	-0.898981013	0
0.82480867	-0.601383835	0
-0.274000109	0.862606762	0
-0.757792941	0.734387934	0
0.014075408	-0.048611081	1
0.064027553	0.634767471	1
0.166694429	-0.064585902	1
-0.259089265	0.201476667	1
0.318892791	-0.473812407	1
-0.329553932	0.742244688	0
0.763916941	-0.918097128	0
-0.206451067	0.049690723	1
0.588314131	-0.449810457	1
-0.894526465	-0.71907539	0
0.652872801	0.905048123	0
-0.007323846	-0.834544667	0
-0.123642827	-0.1245653	1
-0.410826087	0.51426661	1
-0.720432108	0.586403644	0
-0.484466353	-0.37123235	1
-0.860544846	-0.314623887	0
-0.804896696	-0.749959876	0
0.374266837	-0.960816768	0
0.138516805	0.219329822	1
0.897703988	-0.397420316	0
-0.301643683	0.142027789	1
0.545140856	-0.651320502	0
0.464772785	0.597592748	1
0.975016807	0.904869323	0
0.935327236	-0.081964292	0
0.757356828	-0.440618215	0
0.677998765	-0.343255139	1
-0.122517931	0.185765236	1
-0.784233683	-0.925359031	0
0.886635183	-0.944067473	0
-0.553494849	-0.286480925	1
-0.134249004	-0.760908344	1
-0.245656064	-0.701114556	1
-0.272978084	0.756505459	0
0.317578496	0.229921959	1
0.845833512	0.421097997	0
-0.420311921	0.299185118	1
-0.142163047	-0.958213411	0
-0.207160836	-0.717594716	1
0.931962508	-0.320564884	0
0.816676223	-0.29512106	0
-0.587694441	-0.00954645	1
0.673379254	0.181610908	1
0.609565579	-0.076233781	1
0.796425224	0.266333253	0
-0.140014304	0.547702848	1
-0.69730992	-0.422697305	0
0.783772442	0.983669021	0
-0.038108431	-0.750883873	1
0.319854132	0.327331787	1
0.90226529	-0.426640637	0
-0.007075725	0.902567788	0
0.772007827	0.566922858	0
0.872667929	0.772440683	0
-0.845829302	-0.821791599	0
0.105366059	-0.368321378	1
-0.576273739	-0.544568905	1
-0.631889406	0.971573176	0
0.341963411	0.593594188	1
-0.685137949	0.487503559	0
0.786576355	0.698094149	0
-0.661056795	0.912566338	0
-0.560112596	-0.977091704	0
-0.486839439	-0.832360402	0
0.929363678	0.429720165	0
-0.758160237	-0.026596856	1
0.599931532	-0.351407172	1
-0.912407956	0.393395482	0
0.590599155	-0.306378695	1
0.493641502	0.909945894	0
-0.108498388	0.781559529	1
-0.347923949	-0.881326033	0
-0.9557572	-0.65953795	0
-0.686428086	0.3430022	1
-0.216089395	-0.270768139	1
0.201429472	-0.097216799	1
-0.558739201	-0.626603644	0
0.593469524	0.350842187	1
0.385507233	0.336073688	1
0.659210123	-0.785056558	0
-0.947189941	-0.460432327	0
-0.747672256	0.270648665	1
-0.79671189	-0.352368993	0
0.51968171	0.519513758	1
0.151794444	0.414612954	1
0.02022764	-0.848256011	0
0.909714937	-0.746797781	0
-0.911694633	-0.411376176	0
0.855962151	-0.306603305	0
-0.504066213	0.306549854	1
-0.998792533	-0.970682552	0
0.116093825	-0.157415748	1
-0.461527356	-0.507037469	1
-0.327401106	0.708750808	1
-0.606205153	0.328090246	1
0.068138694	0.219419163	1
-0.65507688	-0.515772628	0
-0.522638185	-0.729438784	0
0.86598353	-0.729607288	0
-0.763796042	-0.048091643	1
-0.239386888	-0.266274713	1
0.430012144	-0.714873542	0
-0.197973771	-0.598724314	1
0.107175644	-0.748281247	1
0.291267615	-0.938489543	0
-0.866215717	0.561095782	0
0.538684486	0.655823567	0
0.61199291	-0.208411702	1
-0.231472241	-0.184496008	1
-0.858488927	0.500588634	0
-0.142794028	-0.72171081	1
-0.523733119	-0.478328202	1
-0.229853137	-0.062999733	1
0.138350058	0.363239254	1
-0.237948308	0.64467261	1
0.613615439	-0.044859367	1
0.934181949	-0.460634818	0
-0.89460341	-0.288335233	0
-0.153519142	-0.525152984	1
-0.231426842	-0.44851765	1
-0.568419506	0.628390341	0
0.579063598	-0.045116691	1
0.65839812	0.125682875	1
0.893759797	-0.007831228	0
-0.511784208	0.055157194	1
-0.570156757	0.026781355	1
-0.26547301	0.035164611	1
-0.158382143	0.794386487	0
-0.85080794	0.243226653	0
0.24221339	0.298069694	1
-0.375808133	0.288558795	1
-0.152469594	-0.144673976	1
-0.111216843	0.456578118	1
0.778236921	0.355848566	0
-0.62538292	-0.185794017	1
-0.461250594	0.461145698	1
-0.546514526	-0.481282814	1
0.787420843	0.187391576	0
0.577805539	0.618760603	0
0.828885969	0.664253512	0
-0.663112546	-0.524723894	0
-0.748594116	-0.663853045	0
-0.750785367	-0.321853906	0
-0.204049642	0.887322684	0
-0.504446765	-0.998536326	0
-0.36646277	-0.047810011	1
-0.379968535	-0.224763606	1
0.073304924	0.523406551	1
0.569878238	0.709392451	0
-0.366263167	-0.073031443	1
-0.851082326	0.971100833	0
-0.341075513	-0.95380452	0
0.702461962	-0.380708809	1
0.172083681	0.917236654	0
-0.407491143	0.845191945	0
0.873165321	-0.960428687	0
0.199941963	0.26638442	1
-0.897308646	0.015497346	0
-0.934624962	-0.432375813	0
0.311975059	0.721856536	1
-0.724812642	-0.79003556	0
-0.652362188	0.625228512	0
0.254122275	0.380973574	1
0.176369626	-0.142372234	1
-0.494854156	0.128137136	1
0.668444546	-0.760379343	0
0.703116922	0.819866009	0
-0.216432183	-0.105613807	1
0.086521356	-0.464417666	1
0.621988843	0.358573091	1
0.276774482	0.348252277	1
0.1103144	0.629573132	1
0.0860543	0.488101779	1
0.398782327	-0.886361944	0
0.530262506	0.383785562	1
-0.364595525	0.694437907	1
-0.035819914	0.002734104	1
-0.734785181	-0.811325352	0
0.721156593	0.578475517	0
-0.465601094	-0.571259861	1
-0.342946648	0.695651681	1
0.483667856	0.851864885	0
-0.203729138	-0.585634427	1
0.833167332	0.54804703	0
-0.776770452	0.332070713	0
-0.350624302	-0.279195416	1
0.365622598	-0.725464258	0
-0.136812814	-0.489486995	1
-0.68559715	-0.751297934	0
0.927906534	-0.78707233	0
-0.621515904	0.819248332	0
0.888341289	0.171984899	0
-0.36969418	-0.242116901	1
-0.263292872	-0.027791311	1
-0.194382125	-0.524343075	1
-0.188018759	-0.597092739	1
0.330517768	-0.990900856	0
-0.300464412	0.693583129	1
0.83315632	0.950603079	0
-0.628110402	-0.675396544	0
0.788729389	-0.751568053	0
0.460892693	-0.396113983	1
0.23136442	0.097470405	1
0.524749718	-0.326745915	1
-0.301643314	0.631416018	1
0.934693673	0.130886496	0
-0.504055049	-0.248417357	1
0.185964699	0.823067142	0
-0.65734986	-0.122582297	1
-0.991131649	0.123043967	0
-0.316571706	0.251370644	1
-0.062397641	-0.082131836	1
-0.873245881	0.171992104	0
-0.234118145	-0.144295646	1
-0.93781193	-0.701065223	0
0.632768264	0.973938291	0
-0.055835796	-0.334424749	1
0.194103568	0.716896368	1
-0.66445468	-0.987309037	0
-0.582614258	-0.292276309	1
0.989754352	-0.285340725	0
-0.234235662	0.688571503	1
0.285586037	-0.907011912	0
-0.943619484	-0.036421815	0
0.854062186	-0.529622341	0
-0.928066109	-0.648856322	0
0.348972351	-0.282969569	1
-0.601864839	-0.37805625	1
0.076147803	-0.350521449	1
-0.827916842	-0.674076579	0
-0.885419161	0.645251301	0
-0.177884837	-0.183479777	1
-0.574078585	0.72872461	0
-0.712787717	0.083548742	1
-0.881449878	0.662817644	0
-0.35202364	-0.677012373	1
0.844640561	0.711400577	0
-0.999569276	0.079656412	0
-0.266569654	0.0131699	1
-0.557256717	0.765281981	0
-0.066631212	0.070318308	1
0.809685812	0.517113152	0
-0.817295094	-0.358077335	0
-0.0651427	-0.457535319	1
-0.45652326	-0.114614553	1
-0.086585418	0.442664423	1
-0.718463405	0.520929827	0
-0.900426533	-0.09575446	0
0.834160503	0.535623975	0
0.115230655	0.395216771	1
0.254722987	-0.316709901	1
0.395559478	0.781705348	0
0.142897536	-0.929759092	0
-0.109712494	0.901559205	0
0.082670678	-0.525019215	1
0.433698736	-0.31991055	1
-0.580863597	0.481469118	1
-0.203645085	-0.680295469	1
0.994849068	0.4763441	0
-0.225560695	0.289294611	1
0.928986219	-0.016069402	0
-0.691937047	0.14118879	1
-0.778709136	0.175835506	1
-0.629786722	0.527969958	0
-0.808041023	-0.854305961	0
0.314246798	0.582206714	1
-0.431393755	-0.715163988	0
0.738725792	-0.721221612	0
-0.185589558	-0.377696533	1
0.456897682	-0.674628275	0
-0.777292153	0.258007117	0
0.993954867	0.174896631	0
0.117325708	0.820317516	0
0.246579637	-0.440145428	1
0.993413981	0.099080074	0
0.852764221	-0.751173112	0
-0.843186596	0.178432345	0
0.647376789	-0.632979486	0
0.930797061	0.202010816	0
0.972352886	-0.799357041	0
0.91511262	-0.769460667	0
-0.501675169	0.600558529	1
0.273688585	-0.816365498	0
0.344964296	-0.140449735	1
0.065324631	0.024921235	1
-0.284104207	0.87660048	0
-0.50531244	0.157363881	1
-0.840987342	-0.878711776	0
-0.762286236	-0.253597014	0
0.848875226	0.053938754	0
0.140389906	-0.123724302	1
-0.772710348	0.462117246	0
0.438864098	-0.073607479	1
-0.001180242	0.107706785	1
-0.283886408	-0.319079617	1
-0.680441784	-0.431759001	0
0.785665835	-0.064301529	1
-0.321406873	-0.667380763	1
0.627808702	0.753900805	0
-0.131701166	0.717073198	1
-0.617480583	-0.082369977	1
0.158884577	-0.398650705	1
0.769266334	-0.729526152	0
0.511143444	-0.93700679	0
-0.015074127	0.226859202	1
-0.661636941	0.296128953	1
-0.888887316	-0.583824069	0
0.861511507	-0.68486926	0
-0.915923669	-0.008931678	0
-0.829026227	0.03204706	0
0.0655423	-0.781587756	1
-0.569123807	-0.667140685	0
-0.183336209	0.278898115	1
-0.80099677	-0.562366759	0
-0.341872011	0.995132812	0
-0.623570622	-0.775280717	0
0.726754543	0.754206715	0
-0.635717404	-0.876919197	0
0.175794036	0.467984855	1
0.436732172	-0.085459294	1
-0.987075497	0.295302435	0
0.720164484	0.270370285	1
0.756508451	0.197040842	1
-0.715112556	-0.283986004	1
-0.690368328	-0.042287088	1
0.643329678	0.101667625	1
-0.716857622	0.567275136	0
-0.407535907	-0.423415714	1
0.135250717	-0.924506503	0
-0.230415145	0.77462499	0
-0.730954474	-0.07843556	1
0.987050738	-0.297110265	0
0.69327546	0.754367112	0
-0.85353909	0.457546332	0
0.792893271	0.903631914	0
0.773308826	-0.675905843	0
-0.841512261	-0.105574108	0
0.337510017	-0.525602122	1
0.519963948	-0.158989157	1
0.036241238	0.055649111	1
0.501609997	-0.28075417	1
0.925408347	0.666984352	0
0.921532624	-0.257170711	0
-0.49786603	0.803048567	0
-0.718602341	-0.456948902	0
-0.303664861	0.076878316	1
0.491958978	0.809874938	0
0.989616143	-0.799782359	0
-0.501196108	0.084011545	1
-0.263222111	0.397439127	1
-0.552551616	-0.022475747	1
0.58446972	0.065843776	1
-0.394126731	0.477265452	1
0.348703419	-0.02171631	1
0.609777382	0.444636427	1
-0.845459081	-0.336302619	0
-0.908662962	-0.713177588	0
-0.36276781	-0.932846949	0
-0.361367101	-0.733156176	0
0.689874664	-0.239361289	1
-0.15459436	0.446791746	1
-0.51192483	-0.734125463	0
-0.360527025	0.996863525	0
0.235551372	0.010312374	1
-0.561211546	0.996889659	0
-0.903793591	0.408151138	0
0.476265031	0.748153683	0
0.611108404	-0.552625632	0
-0.359675995	-0.025093957	1
0.970607882	0.480588379	0
0.068828612	0.68194712	1
0.459232571	0.416966017	1
-0.607827868	-0.159783023	1
0.043355552	-0.914896949	0
-0.012976074	-0.952617204	0
-0.506054079	-0.732629281	0
0.730466505	0.154937079	1
0.100474415	0.245031742	1
-0.946350685	-0.509382818	0
-0.307393434	0.05357008	1
-0.589842548	-0.566409882	0
0.510721412	0.867083681	0
0.375941956	-0.189651943	1
0.369456423	0.257645945	1
-0.809565371	0.346009261	0
0.119835765	-0.883578997	0
0.202583931	-0.217880628	1
-0.111344893	0.153813305	1
-0.480045388	0.126117134	1
-0.687614761	-0.958151325	0
0.73884056	0.950628319	0
0.779826346	-0.410415612	0
-0.702094803	0.380188548	1
0.318047793	0.345645382	1
-0.02981901	0.552187781	1
0.814268089	-0.370870175	0
0.958732461	0.706939099	0
0.554955173	0.358721337	1
0.370425989	0.775237908	0
-0.963986811	-0.178580259	0
0.748512618	0.927003555	0
-0.256530276	0.482611364	1
-0.57722626	-0.197527255	1
0.000389395	-0.312653749	1
0.282326626	-0.755809285	0
0.406597241	-0.426982739	1
-0.897629029	0.796057926	0
-0.800465391	-0.249519319	0
-0.323289822	0.55731931	1
-0.681367732	0.569834496	0
-0.520082935	-0.860854858	0
-0.642047792	-0.472816865	1
0.648586013	0.871981228	0
0.784921816	-0.42100616	0
-0.232356598	0.63973159	1
0.214116428	0.966019039	0
0.608573154	-0.622607974	0
-0.428885394	-0.950447102	0
0.813427316	-0.770792761	0
-0.092985166	0.728485911	1
0.796217568	0.805161889	0
-0.775268458	-0.232090296	0
0.880837761	0.319522549	0
-0.963668111	-0.63732294	0
-0.956836339	0.598152756	0
0.91066756	-0.52560051	0
-0.161863269	0.538906274	1
-0.369829431	0.233347062	1
0.362278092	-0.082659323	1
-0.934648107	-0.60643383	0
-0.337072009	-0.915857295	0
-0.585144862	-0.592281684	0
0.212675777	0.274546231	1
-0.695086924	-0.025087382	1
0.516996221	0.254910936	1
0.445470361	-0.217180831	1
0.714992116	0.954532508	0
0.580735849	0.463514714	1
-0.853296164	-0.243154296	0
-0.586670758	0.07413788	1
-0.877276914	-0.871721898	0
-0.635070812	-0.835919121	0
-0.218762595	0.865460348	0
0.512479685	0.313285087	1
-0.212128803	0.621385511	1
0.050811465	-0.12137187	1
0.332732148	-0.927754407	0
-0.913369108	0.726350407	0
-0.207316728	-0.375936596	1
0.48611815	-0.749651816	0
-0.592123561	0.392896538	1
0.687591454	-0.364853002	1
0.471787783	0.84048139	0
0.817710245	-0.199979471	0
-0.823862086	-0.182750582	0
-0.526474796	-0.056664376	1
0.418234183	0.169664806	1
-0.132417517	0.523512275	1
0.335157024	0.539743907	1
-0.12904794	-0.868648279	0
-0.046077352	-0.804202123	0
0.418902826	0.5473794	1
0.229608591	-0.41162622	1
-0.672257671	-0.189007961	1
0.331218335	-0.052697781	1
0.751960747	0.98693459	0
-0.306713703	0.918128913	0
0.136864662	0.170418241	1
0.180092784	-0.884560478	0
-0.851330023	-0.249449241	0
0.294550985	0.352278897	1
0.46406491	0.412341545	1
0.505165534	0.121934575	1
0.471937549	-0.191526189	1
0.626080684	-0.919521349	0
0.658236845	0.713920224	0
0.574997817	-0.510194403	1
-0.55240572	-0.092414187	1
-0.092567327	-0.003725472	1
-0.425391432	0.031039863	1
-0.051215077	-0.988485201	0
0.576627146	0.893273391	0
-0.533370897	-0.366711766	1
0.11434891	-0.675308561	1
-0.761668462	0.967659221	0
0.629121926	0.316748231	1
-0.223082676	-0.206201014	1
-0.820321737	-0.801632616	0
0.106649022	0.608304558	1
0.79947453	0.76489054	0
-0.570321258	0.795998432	0
-0.156036993	0.498992423	1
0.048696542	0.321146241	1
-0.177656598	0.188565882	1
-0.67281244	0.974527626	0
-0.884515468	0.635199013	0
0.622616362	-0.264441302	1
0.045022629	-0.563715639	1
0.295311509	0.253930387	1
-0.217819732	0.689053426	1
0.598404746	0.094590969	1
-0.142410332	0.085257544	1
-0.898186415	-0.452271407	0
0.541911862	0.483354731	1
-0.075112266	-0.447765459	1
-0.674102854	-0.973157468	0
-0.766513203	-0.418775973	0
0.315103842	0.487343478	1
0.729300764	-0.11000824	1
-0.240636589	0.996671616	0
-0.265885575	-0.513524812	1
0.648888404	0.637270621	0
0.233410616	-0.55367025	1
-0.604728123	-0.456162298	1
-0.638870085	-0.745038554	0
-0.028130312	-0.189895367	1
0.328290473	-0.58131781	1
-0.331026	-0.472512757	1
0.320176913	-0.630358918	1
0.885407362	-0.635007345	0
0.310916213	-0.979428511	0
-0.572187018	0.983801134	0
0.540577449	-0.561305631	1
0.503567564	0.194267687	1
-0.443180712	0.998446741	0
0.785658575	-0.229896172	0
0.387677842	-0.108750164	1
0.037492375	-0.675186806	1
-0.614690744	-0.878835353	0
-0.447547541	-0.004439741	1
-0.901442882	-0.275720774	0
-0.565804593	-0.612087518	0
0.889098121	-0.288894743	0
-0.576830654	-0.808398885	0
0.313967083	-0.517139761	1
0.94616202	-0.308422508	0
0.676829375	0.463906117	0
-0.825827844	0.033709385	0
0.159993241	0.814586261	0
0.86195514	0.254152066	0
-0.907133547	-0.961360999	0
0.631321594	-0.82134604	0
-0.504391	-0.253722769	1
0.726113212	0.8767247	0
0.516878829	0.368706645	1
-0.75020318	0.403542682	0
0.023059756	-0.83315589	0
-0.513640578	0.679515676	0
0.572084954	0.22442836	1
0.705470696	-0.873695591	0
-0.940343013	0.411306929	0
0.856178917	-0.485968955	0
0.086174075	0.703707577	1
-0.648273272	-0.827776869	0
-0.446976458	-0.923088292	0
-0.048979884	-0.16415324	1
0.977217574	-0.535913189	0
0.245800674	0.403680934	1
-0.133247693	-0.718954973	1
0.435548456	0.746873484	0
-0.55885779	0.127669771	1
-0.570854871	0.458929814	1
0.944069694	0.50872243	0
-0.053013707	-0.638531226	1
0.387310598	-0.959155568	0
-0.502963617	-0.197971746	1
-0.433466338	0.193214705	1
0.936976228	-0.690718352	0
0.221524666	0.236401046	1
-0.00065753	-0.827227186	0
-0.460313607	0.073070152	1
-0.063080744	-0.651696013	1
0.058377011	-0.63373999	1
0.77019498	0.234540302	0
0.482302404	-0.269991969	1
0.731611262	-0.287688119	1
-0.202264591	0.376820705	1
0.139832956	-0.85133522	0
0.186584712	-0.167794648	1
0.447399607	-0.605848375	1
-0.261444141	0.404994746	1
0.077098155	0.084739378	1
0.63694414	-0.710563524	0
-0.145237593	-0.051100504	1
-0.596942109	-0.395434965	1
-0.731391512	0.794389126	0
-0.222858972	-0.647272362	1
0.526197868	0.553997956	1
-0.447431887	0.208809552	1
0.448240059	-0.80331449	0
-0.521507136	0.137770464	1
0.436625918	0.437501242	1
-0.273886843	-0.219199726	1
-0.835366043	0.916576285	0
0.927778883	0.423632664	0
-0.538497824	0.549602882	1
0.909864974	0.187909967	0
-0.065518972	-0.375087049	1
0.815832722	-0.749119342	0
0.542378024	0.299786341	1
-0.786008681	-0.992001348	0
0.581888884	0.562744505	0
-0.629052102	0.723033092	0
-0.665121531	0.673297232	0
-0.921189309	-0.208048074	0
-0.976758709	-0.014164711	0
0.797041196	-0.037488547	1
0.43022312	-0.965194817	0
0.036864433	-0.704402309	1
-0.983369061	0.122159514	0
0.623396492	-0.06164827	1
-0.066480991	-0.596443183	1
0.425598316	-0.739970092	0
-0.686289123	-0.676989518	0
0.238847727	0.489058673	1
0.662827909	0.508041035	0
0.696271086	0.007720463	1
0.845656427	-0.189655399	0
0.279177043	-0.569225152	1
0.210918088	0.573365329	1
-0.248818037	0.881000291	0
0.434731353	0.23237656	1
-0.713103799	-0.067464526	1
0.792048726	0.563183633	0
-0.94145236	0.122219165	0
0.022143902	0.28931914	1
-0.144927461	-0.912182005	0
-0.213519068	0.034354351	1
0.34616985	0.786290822	0
0.797626855	0.301045448	0
-0.947129403	0.236451799	0
-0.795687748	-0.481876496	0
0.897249197	0.43927993	0
-0.067118783	0.478801907	1
0.190852944	-0.388580969	1
0.656740435	-0.714820126	0
-0.710618042	-0.359563088	1
0.235055195	0.869181009	0
0.569196216	0.818702284	0
0.28905203	-0.066081262	1
-0.404491064	-0.272774188	1
-0.656149451	0.472712649	0
-0.753839339	-0.888825403	0
0.231136007	-0.870995364	0
0.327888437	-0.106168361	1
0.747785343	0.577493627	0
0.255085031	0.991448257	0
0.041285394	0.673945522	1
-0.880873274	0.668225763	0
0.958630929	0.594443381	0
0.498072178	0.693081248	0
0.763729813	0.123939377	1
0.908678156	0.357814	0
-0.892789556	0.564949354	0
-0.106074006	-0.833123259	0
-0.839402444	0.865523662	0
-0.534679645	0.416000982	1
-0.968058218	0.29048621	0
0.158197309	-0.253823598	1
-0.343648862	0.329173995	1
-0.367904745	-0.366005699	1
-0.440121142	-0.85350484	0
-0.715061871	0.630685554	0
-0.394338342	-0.388394266	1
-0.734761894	-0.054589089	1
0.024597468	0.891432434	0
-0.755061912	0.931369809	0
0.74986652	0.922716216	0
-0.076887944	-0.399427885	1
-0.096748067	-0.380795456	1
0.289035252	0.300411024	1
0.246935385	0.959514737	0
0.023087896	-0.723060131	1
-0.597338321	-0.267000768	1
-0.524024462	-0.475198507	1
0.093258602	-0.801331689	0
0.771620202	-0.108696437	1
0.15862316	-0.88973935	0
-0.792075581	-0.693312334	0
0.335565103	-0.90358884	0
-0.908655926	0.45719396	0
0.28728155	-0.372448248	1
0.146752263	-0.629851361	1
0.275565777	0.380797714	1
-0.441571604	0.757323241	0
0.498084006	0.543324546	1
-0.616766753	0.11996928	1
0.709498324	0.486150696	0
0.641937067	-0.778468031	0
0.972853833	0.528601995	0
-0.204025915	0.541484674	1
0.345056766	-0.799195757	0
0.935923111	-0.051475411	0
0.652728095	-0.108025574	1
0.990307766	0.164625807	0
-0.484162008	0.345798248	1
-0.419664076	-0.953182291	0
0.226013552	0.477910613	1
0.122645285	-0.779686198	1
0.034204992	0.321825607	1
-0.294497323	-0.902691657	0
-0.992917228	0.864376262	0
-0.890652718	0.324053183	0
-0.395557222	-0.560026592	1
-0.976114574	0.299771576	0
-0.381573941	0.556404953	1
0.120597828	0.635388744	1
0.817684977	-0.337932747	0
0.514410751	0.833372028	0
0.443268491	0.620573486	1
0.44399488	0.747138397	0
-0.964180085	0.340104687	0
-0.469665702	-0.13250217	1
0.766153402	0.308500704	0
-0.799671321	0.559212114	0
-0.904447751	0.074678118	0
-0.605143361	0.921942906	0
0.259876822	-0.168000336	1
-0.885930701	0.087063874	0
-0.836782406	0.273378112	0
0.942645636	-0.223795632	0
0.485655741	0.865377391	0
-0.404925673	0.667922559	1
0.549105146	-0.903357958	0
0.436377215	-0.810885715	0
-0.780431537	-0.809976806	0
-0.734119979	0.311385697	1
0.484461924	0.999890387	0
0.930217069	-0.001916692	0
-0.341472698	-0.909751	0
0.230681362	0.458322779	1
-0.387823363	0.744273337	0
-0.4732165	0.973838867	0
-0.438187417	0.945751926	0
-0.936841673	-0.847817614	0
0.390773387	0.425425266	1
0.46552358	0.945957881	0
-0.936593034	0.787965956	0
-0.18652318	0.885145935	0
0.036384746	-0.019277989	1
-0.554450433	-0.960092044	0
0.737921938	-0.456417367	0
0.683602791	0.584531283	0
0.516744528	0.996872469	0
0.476446089	-0.635531972	1
-0.09927362	0.278313178	1
-0.222451073	-0.117004867	1
-0.611439457	0.298735235	1
-0.656876924	0.201763545	1
0.933094173	0.905695419	0
-0.993311003	-0.568937011	0
-0.093969981	-0.040737639	1
0.036129589	-0.262320717	1
-0.37000407	0.093537659	1
0.080776093	-0.001669445	1
-0.293314749	0.847773562	0
0.585660517	-0.84799041	0
-0.548128168	0.284878451	1
0.659501033	0.23331205	1
-0.721643886	0.121938781	1
0.121820244	-0.964264047	0
0.581354478	0.0286544	1
0.896876618	-0.629848934	0
-0.6640127	0.421385098	1
0.454486332	0.917566618	0
0.189242431	0.875791052	0
0.806593326	0.633109237	0
0.840784521	-0.875456193	0
-0.761066399	-0.036927226	1
-0.012053632	0.407165905	1
-0.225943692	-0.364379615	1
-0.588120529	-0.949605931	0
0.118907571	-0.781997564	1
0.982522336	-0.880043843	0
-0.896443647	-0.187741674	0
-0.272232282	-0.80006412	0
0.610759729	0.086884568	1
0.7557909	-0.341324958	0
-0.420088019	-0.064531776	1
0.249942289	0.259282546	1
0.754385172	-0.149984724	1
0.459474349	-0.825965411	0
-0.401630651	0.495180129	1
-0.896772342	-0.547799356	0
0.21145199	-0.432408262	1
-0.306215013	0.290797149	1
0.132344264	-0.037392193	1
0.607785624	-0.210638586	1
0.422800937	0.173468878	1
0.794877522	-0.779063378	0
-0.774352753	-0.524439881	0
-0.781358033	-0.253890762	0
-0.375038136	-0.13548837	1
-0.235347113	0.907897762	0
-0.915278464	-0.74220925	0
0.367437479	0.43016219	1
0.152336989	-0.376006842	1
0.112972967	-0.967143005	0
0.691875836	0.139748164	1
-0.008649522	-0.224054572	1
-0.555246479	0.702164165	0
0.758094747	-0.078055956	1
-0.771196545	0.199408757	1
0.882451488	0.515580603	0
-0.410649246	-0.159770161	1
0.811716436	0.73527789	0
-0.78872411	-0.513991377	0
-0.022632017	-0.98904438	0
0.166676426	0.147176634	1
-0.900979089	-0.649699958	0
-0.045324716	0.139680265	1
0.147189059	-0.254270437	1
-0.671530291	0.758178379	0
0.893476137	0.931784496	0
-0.239932045	-0.140605687	1
0.242941948	0.382196137	1
0.908612787	0.955601642	0
-0.286046146	-0.496101426	1
0.631145996	0.643374534	0
0.121045353	-0.01486493	1
0.54830557	-0.465964944	1
0.204036369	-0.917482789	0
0.537111649	0.150019247	1
0.572295796	0.854744487	0
-0.67475945	0.469873647	0
-0.599801344	0.218468698	1
-0.805943289	-0.852193837	0
0.138412377	-0.593910412	1
0.160491414	0.485427134	1
0.085568556	0.514834772	1
-0.979276258	-0.376991637	0
-0.489890188	0.468749969	1
0.946970646	0.937909147	0
-0.563413114	-0.095356959	1
-0.935954347	0.107767739	0
0.552451883	-0.83925769	0
-0.547441327	-0.905936924	0
0.535247411	-0.954854773	0
-0.850770958	-0.602367699	0
0.518815275	-0.503688588	1
-0.40398293	0.884051387	0
0.403970619	-0.60095629	1
-0.337910968	0.155596237	1
-0.944338695	0.729890744	0
-0.0232297	0.995144182	0
-0.847810824	-0.324039247	0
-0.913098206	0.610942024	0
0.392199899	-0.137952038	1
0.177536674	0.624441624	1
-0.112656941	0.664022958	1
-0.863856517	-0.485807698	0
-0.619777319	0.758396041	0
-0.181373583	-0.514043907	1
-0.053938815	-0.850399008	0
-0.382596924	0.53999447	1
-0.255481493	0.937078468	0
-0.465998924	0.174429203	1
-0.172761994	-0.139820746	1
-0.254388657	-0.201877415	1
0.365556343	-0.83774776	0
-0.685666454	0.62348413	0
0.46147908	0.652215325	1
-0.405799479	0.321514289	1
0.640768663	-0.421767472	1
-0.7457547	0.052761194	1
-0.807122863	-0.541520718	0
-0.965615306	0.852019318	0
0.264586871	0.981187258	0
0.539121028	0.148475407	1
-0.945075248	0.846046109	0
-0.844609839	-0.028350665	0
0.632640891	0.888837878	0
0.874550891	-0.919891145	0
0.252052839	-0.643564128	1
-0.762720797	0.263001859	0
0.850801307	-0.787093073	0
-0.450348299	0.879603104	0
0.390989292	-0.063798154	1
0.349406303	0.426587741	1
-0.930259144	-0.647171048	0
-0.831876586	-0.205761454	0
-0.810993962	-0.624928151	0
-0.342617248	0.238966274	1
0.297072858	-0.86089789	0
-0.617473036	0.523075748	0
0.30942068	0.990060286	0
0.910544639	0.891062585	0
-0.767204061	-0.920234734	0
0.715900986	-0.384172818	0
-0.739512344	0.286237871	1
0.626763599	-0.770413334	0
-0.949547173	-0.570348412	0
-0.688780552	-0.871870674	0
-0.88038693	0.257938752	0
-0.354230821	0.603260986	1
-0.82552777	-0.809912662	0
0.354938511	0.472817366	1
-0.147816955	-0.993166895	0
0.398798179	0.955551792	0
0.736952778	-0.420970659	0
-0.160893219	0.432317751	1
-0.546166774	-0.414243793	1
-0.5465745	-0.817505985	0
-0.842230577	-0.833648992	0
-0.542583324	-0.734997851	0
-0.283800021	0.313054835	1
0.566077834	-0.438075004	1
-0.592069069	-0.613598674	0
-0.740240065	0.517081926	0
0.918120154	0.307100201	0
0.913913708	-0.310896469	0
0.834514015	-0.464392953	0
-0.66989597	0.222247675	1
0.710319783	0.318750269	1
-0.680687199	-0.684353495	0
0.371331363	-0.301629233	1
0.755012827	-0.621237243	0
0.530531886	-0.96539803	0
0.888641543	-0.632664718	0
0.790225334	0.157108328	0
0.640741392	0.191468413	1
-0.543618183	0.995191068	0
-0.856821331	-0.947811278	0
-0.622500018	0.009867819	1
-0.738318752	0.434548306	0
-0.79515261	-0.61808744	0
0.511612889	-0.039827156	1
0.187703214	0.502580553	1
-0.675567431	0.119149584	1
-0.969843771	-0.623312897	0
-0.651697284	0.662343723	0
0.340070921	0.324854031	1
0.416587226	-0.872104594	0
0.071443314	-0.840299699	0
-0.07051291	-0.888333866	0
-0.762839921	0.663205164	0
-0.193517469	0.096780861	1
-0.334992742	-0.876106468	0
0.585921805	-0.73487842	0
-0.591142522	-0.522444459	1
-0.827146477	-0.002853316	0
0.736673855	-0.289530082	1
-0.591165831	-0.730353456	0
0.121026172	0.504600939	1
-0.237689372	-0.849110117	0
-0.407239454	0.182107184	1
-0.27400195	-0.721954785	1
-0.764656287	-0.964756254	0
-0.528986627	0.270579063	1
0.651110828	-0.104770327	1
-0.503041749	-0.36797109	1
-0.81723477	0.636979026	0
-0.454452619	0.856895452	0
0.759416208	0.773121566	0
0.312399016	0.997321169	0
0.378287758	-0.489726418	1
0.086346854	0.288663847	1
-0.02250515	0.533250486	1
0.067424359	-0.312748852	1
-0.334451537	0.093055314	1
-0.16018387	0.253415391	1
-0.225826585	-0.470443053	1
-0.270652646	-0.779644804	0
-0.919655788	-0.37926684	0
0.445111622	-0.69817625	0
0.086623259	0.690540513	1
0.358881289	0.36539179	1
-0.735574198	-0.73620471	0
0.469399937	0.508578463	1
0.125609877	-0.144202507	1
-0.679978096	-0.467652797	0
0.487145351	0.99929789	0
0.98959244	0.586827354	0
0.100378724	-0.260056662	1
-0.013241238	0.291436904	1
0.190032921	0.935871573	0
-0.611175861	-0.717023375	0
-0.669259475	0.710687083	0
0.44000464	-0.11895822	1
0.882306035	-0.47562028	0
0.932970194	0.218647018	0
0.478982787	-0.120764545	1
-0.233214891	0.69043987	1
-0.556522576	0.336893077	1
-0.397375574	0.36913244	1
0.200963434	-0.146791199	1
0.375435759	-0.971928158	0
0.373533092	-0.290887606	1
-0.959185481	-0.895667974	0
-0.072943046	-0.302805936	1
0.193581335	-0.215280159	1
-0.26636058	-0.446735593	1
0.005204401	0.899004597	0
0.15699549	0.090223459	1
0.472943185	-0.124625518	1
-0.164393039	-0.576899086	1
-0.34625504	0.277213426	1
-0.635540578	0.942898381	0
-0.923131031	-0.877358679	0
-0.181338977	-0.815203824	0
0.66302538	0.745108472	0
-0.225733276	0.084637706	1
0.170209125	0.346711186	1
-0.281893697	0.187950205	1
0.230939003	0.130992121	1
-0.71714425	-0.435000075	0
-0.508557618	-0.261673683	1
0.193757128	0.0329764	1
0.064119164	0.381741428	1
0.521217917	-0.538635476	1
-0.942067073	-0.429669801	0
0.330906391	0.731164197	0
0.983634378	0.962927671	0
-0.558053956	0.957302432	0
-0.029048577	0.399810385	1
0.283887239	0.38245776	1
0.705207292	0.574174994	0
-0.82081638	-0.086282396	0
-0.569762839	-0.01422971	1
-0.925249449	0.365535743	0
0.432632275	0.330199674	1
-0.204673489	-0.92044771	0
-0.450164825	-0.788547652	0
0.819892116	-0.107160444	0
-0.393612592	-0.307951411	1
-0.933558737	-0.542110001	0
-0.164303191	0.929241714	0
0.401318056	0.614342463	1
-0.380113162	-0.984640656	0
-0.810095554	0.113411877	0
-0.535983395	0.846455044	0
-0.299640467	0.996819776	0
0.073991828	-0.887965487	0
0.180293419	0.600444882	1
-0.270456123	0.612688286	1
-0.337470466	-0.849973737	0
-0.774062047	-0.709238839	0
-0.749786671	-0.99230706	0
0.107175128	-0.789125974	1
-0.290642838	-0.618989047	1
-0.659049155	0.086745407	1
0.147204716	0.187976156	1
0.131469218	0.95217542	0
-0.049711109	0.387853564	1
-0.177295396	-0.07507121	1
-0.266788871	0.946059568	0
0.253688687	-0.802974207	0
-0.485413701	-0.09654093	1
0.614733849	-0.698408836	0
-0.387510548	0.074383899	1
0.615512958	0.214853223	1
-0.544138675	0.145845631	1
-0.097000773	-0.552060095	1
-0.188507575	0.788724334	0
0.967190824	0.632400488	0
0.29563068	-0.243521385	1
0.411409619	-0.75119188	0
0.806842927	-0.366281068	0
-0.263300715	0.664091075	1
-0.167965045	-0.55039359	1
0.290409324	-0.194831888	1
-0.795080833	-0.01796183	1
0.648910693	-0.503598655	0
-0.459800761	-0.166235691	1
0.867323417	-0.790908743	0
-0.204982619	-0.923148649	0
-0.197922229	-0.71075865	1
-0.302297337	0.275708282	1
-0.869695216	-0.018922006	0
0.624172949	0.951774121	0
-0.031077101	-0.984631702	0
-0.04132389	-0.929310633	0
-0.504271212	0.703112571	0
-0.660201899	0.16015589	1
-0.416792959	0.720285907	0
0.044809118	-0.749727219	1
0.471916979	-0.874507981	0
0.897655167	-0.182273323	0
0.341715703	0.661787122	1
0.231243388	0.546259392	1
0.306532483	0.458575099	1
-0.562631778	-0.286475401	1
-0.100077563	-0.702593215	1
-0.326760961	0.875362009	0
0.639462048	-0.983289568	0
-0.905657167	0.719020311	0
-0.302143362	0.499116851	1
0.683899157	-0.378992733	1
0.57538796	-0.950318213	0
-0.038878466	-0.5311137	1
0.711733277	0.690838365	0
0.804238213	0.966275139	0
-0.300804752	-0.706730625	1
0.875061473	-0.933499723	0
0.618351803	0.492962163	1
0.029636546	-0.761161847	1
0.466619527	-0.939498435	0
0.212163271	-0.095129541	1
-0.171183954	0.810176331	0
0.932099958	0.057976941	0
0.549461736	0.460386554	1
-0.605016487	-0.987017294	0
0.209594592	-0.782129787	0
-0.44757859	-0.334764138	1
0.618257736	0.959444173	0
0.9721349	0.69513854	0
-0.7844866	0.05314018	1
-0.274927974	-0.444250005	1
-0.304398714	0.938371978	0
0.188964379	-0.568277301	1
-0.98149691	-0.353535697	0
-0.317872633	-0.127811932	1
0.982840196	-0.272446211	0
-0.303255604	0.946596132	0
0.602722652	0.10627111	1
-0.995743578	0.099610315	0
-0.47137898	0.043608037	1
-0.378351576	-0.083977446	1
-0.439145766	0.563226317	1
0.953534229	0.937971336	0
0.967806381	0.817214205	0
0.804993178	-0.320987413	0
-0.979682764	-0.470018088	0
0.450669699	0.10722877	1
-0.915569875	-0.567994752	0
0.111720191	-0.033062867	1
-0.465737557	-0.969281002	0
-0.968497106	-0.697465699	0
-0.3749215	-0.244162397	1
0.493905857	0.757480959	0
-0.761897417	-0.798256921	0
-0.060656238	0.848575151	0
-0.821034955	-0.056586852	0
0.55386334	-0.035970951	1
0.186917921	0.188962036	1
0.443815779	0.219676027	1
-0.95871986	0.977171602	0
0.012990284	-0.931123372	0
-0.654376976	-0.209369756	1
-0.81700498	0.534413994	0
0.054704256	0.883038824	0
0.294490572	-0.994439798	0
0.214339436	-0.621599163	1
-0.822960773	0.094001176	0
0.519497253	0.777666034	0
-0.822941098	0.77012104	0
-0.804651343	0.113303031	0
-0.693165326	-0.210368615	1
0.710539811	0.650551947	0
0.84725902	0.994586613	0
-0.3562413	0.823890599	0
0.68296745	-0.291717933	1
0.084530278	0.487606877	1
0.936619969	0.495165965	0
0.025570565	-0.191347496	1
0.010863253	-0.355760907	1
-0.20784716	0.517327267	1
-0.263822384	0.145996626	1
-0.617440624	-0.148627846	1
0.591964142	-0.177230604	1
-0.864323481	0.762555899	0
0.318640852	-0.816687752	0
0.437199068	0.568613639	1
-0.522551337	0.728570023	0
-0.3999072	-0.325040396	1
-0.234371937	0.374130703	1
-0.647235765	0.557282332	0
0.5263539	0.68712574	0
0.617935859	0.224428751	1
-0.041182507	0.812774053	0
-0.97210165	-0.068720211	0
0.667582899	0.749614185	0
0.364063304	-0.752076295	0
-0.696958194	0.368076091	1
-0.222527802	-0.122275157	1
0.070725598	-0.430969412	1
0.105370339	0.96357159	0
0.460724739	0.531517261	1
0.628388294	-0.189667349	1
0.743755158	0.547270973	0
-0.802480247	0.982915117	0
0.960421475	0.472597701	0
-0.478364992	0.439601597	1
0.203964416	-0.412603159	1
0.344821773	-0.880268551	0
0.796876767	0.306265149	0
0.710878088	0.376459828	0
-0.760386257	0.676607414	0
-0.791286541	-0.7029757	0
-0.984167063	0.333730749	0
0.958426446	-0.516237992	0
-0.652312821	-0.220214176	1
0.176703383	-0.843404463	0
0.635110102	0.653259035	0
0.094740726	-0.456080602	1
0.7673558	-0.46017397	0
0.662636492	-0.875674987	0
-0.499897716	-0.563583819	1
-0.271152797	0.307011275	1
-0.99856316	0.421525584	0
0.125134958	0.358889948	1
0.670498957	-0.419282291	1
-0.301676497	-0.823644286	0
-0.272017386	-0.563668304	1
0.114919576	-0.247047282	1
0.717553495	-0.130428792	1
0.327863872	0.042962846	1
0.823522498	0.223189791	0
-0.432516119	0.754534097	0
-0.231696561	-0.491042827	1
0.878658405	-0.459358949	0
0.848789591	-0.589829031	0
-0.100325306	0.773404486	1
-0.854395974	0.087088954	0
-0.813351484	0.548427673	0
-0.855465656	0.053708568	0
0.873936602	-0.206890895	0
0.932783968	0.651602258	0
0.538275998	-0.439258252	1
-0.518133074	-0.251768516	1
0.013617784	0.443199504	1
-0.644252466	-0.215611246	1
0.231788026	-0.68010113	1
0.414182495	-0.383512155	1
-0.250168496	0.066841598	1
-0.541096901	0.790945978	0
-0.085397483	0.492484446	1
0.307274186	-0.956125081	0
0.702839781	0.590244272	0
0.015284306	0.388927334	1
-0.825450463	0.008725426	0
0.751800995	-0.418929931	0
-0.791257646	0.366025814	0
0.150825683	0.420724693	1
-0.230216654	0.288251156	1
0.734697433	-0.046401671	1
0.419470077	-0.948511853	0
0.600095874	-0.815741083	0
0.740743134	-0.574790829	0
-0.828905867	0.242005063	0
0.687895333	-0.175077011	1
-0.089795493	0.937820962	0
0.673672785	-0.379942329	1
0.041877378	-0.618097428	1
0.879547603	0.569765014	0
0.627314347	0.503753835	0
-0.58432721	-0.997308078	0
-0.366069171	-0.657726227	1
-0.540638271	-0.613500227	0
-0.114926145	0.491721993	1
0.838793355	0.970956251	0
0.502577803	0.896230993	0
0.804089293	-0.043070282	0
-0.456954751	0.975512856	0
0.163645188	0.488028404	1
-0.687423527	-0.062636549	1
0.256583456	0.974286897	0
-0.594866356	-0.847385341	0
0.372732883	0.553440124	1
0.609854087	-0.263056796	1
0.405976499	-0.769121025	0
0.115474116	0.646782263	1
0.369358341	0.356581049	1
-0.443265568	-0.917093171	0
0.926586569	0.715356946	0
0.330923803	-0.12024308	1
0.803531536	-0.248080791	0
0.963360124	-0.388007092	0
0.187094959	0.496791668	1
0.986896194	-0.99701669	0
-0.403482133	-0.405544813	1
0.701072544	-0.489651272	0
0.003282058	0.524927809	1
0.149253079	0.477362766	1
0.409871412	-0.184824533	1
0.527952892	0.459134059	1
-0.143239029	0.419333613	1
-0.998341904	0.084796781	0
-0.551055764	-0.973861636	0
-0.77559654	-0.904629723	0
0.153501289	-0.697601198	1
0.073366325	0.628343062	1
0.393388173	0.258157908	1
-0.127023203	-0.336689751	1
-0.788545206	-0.568248815	0
-0.806058054	0.386823202	0
-0.441869782	-0.188272275	1
-0.841157845	-0.546961124	0
0.216993383	0.13181636	1
0.410422615	0.864405853	0
0.424852022	0.881435944	0
0.173504492	-0.350956554	1
0.547517604	-0.605427383	0
0.092675888	0.1377819	1
0.8801947	-0.964645394	0
0.161692917	-0.447182224	1
0.022131733	0.634184118	1
0.286717247	-0.612457421	1
-0.455375196	0.601934103	1
0.145205137	0.57293894	1
-0.592123879	-0.643342262	0
0.056527201	-0.319352644	1
0.216095365	-0.993191196	0
0.242596876	0.137821785	1
0.444994523	0.713461891	0
-0.848920035	-0.517369957	0
-0.866200342	0.433343633	0
-0.041548561	0.009177559	1
-0.18575191	0.816493929	0
-0.106111725	-0.748203025	1
-0.54064399	0.33361917	1
-0.136266148	-0.370145847	1
-0.603283273	0.629082866	0
-0.172567721	0.012201835	1
-0.777711744	0.189687903	0
0.364641783	-0.695877586	1
0.956134087	-0.523100264	0
0.428755663	-0.489567087	1
-0.683300391	-0.668552479	0
-0.265862035	0.51400144	1
-0.938199311	-0.627826236	0
0.567267525	-0.516638297	1
0.554307982	-0.827355527	0
0.735392419	0.462286431	0
-0.813434131	-0.566846177	0
0.876142733	-0.115652864	0
-0.009209076	-0.182037588	1
-0.197851853	0.294432955	1
0.355946723	0.243127309	1
-0.081752067	0.574288587	1
-0.533587526	0.561727266	1
0.899515161	-0.325061993	0
-0.248554308	-0.879456236	0
-0.809467909	0.395757434	0
-0.522012906	-0.450856931	1
0.74370027	-0.608778585	0
0.621982689	-0.651731516	0
0.991632241	-0.100479796	0
0.841350341	-0.148761131	0
-0.977521544	0.308699002	0
-0.361787783	0.908478008	0
-0.58400769	0.42073952	1
-0.410662512	-0.613122958	1
0.499246657	0.638172802	0
0.217253858	0.333819922	1
-0.64657391	-0.849764853	0
-0.544511075	-0.075785074	1
-0.588027056	-0.463608322	1
0.792603601	0.160318096	0
0.84205606	-0.598725178	0
0.257009387	0.736537233	1
0.320335556	0.701160558	1
-0.266377951	-0.648032712	1
0.038713072	-0.847847644	0
-0.670729475	0.729246755	0
0.729922312	-0.767395227	0
0.028037205	-0.932761626	0
0.222178512	0.438314459	1
-0.119334271	0.789251365	1
-0.803001023	0.08257495	0
0.71771056	0.460920065	0
-0.175986096	0.921041025	0
0.662434931	0.239748944	1
-0.674750801	-0.428860532	1
0.813666939	0.53136179	0
0.34072998	0.432122593	1
-0.565685637	0.450589539	1
0.556910387	-0.877233356	0
0.185379722	0.448146721	1
-0.651733064	0.664427466	0
-0.316506075	0.457822854	1
-0.099086798	-0.041569374	1
0.525297351	0.63267127	0
-0.367243387	0.65537103	1
0.227096966	0.040839548	1
0.322742195	-0.16189918	1
-0.637889162	0.982385873	0
-0.994276564	0.948047782	0
-0.07373372	0.876196432	0
0.937370004	-0.978924816	0
-0.28905282	0.34952463	1
0.044930768	-0.565911603	1
0.0481647	0.159900003	1
-0.623246319	0.887829834	0
0.893379165	-0.637036609	0
-0.765788152	-0.784556513	0
0.888240434	-0.419052263	0
0.85811408	-0.884169897	0
-0.99812344	0.074105979	0
0.601137347	-0.683310726	0
-0.386892595	0.236472089	1
0.986466449	-0.854005659	0
-0.225071412	-0.568167633	1
0.627290281	0.943609367	0
0.319185446	-0.298829177	1
0.389756181	0.561393572	1
-0.797974382	-0.08891324	0
0.219260751	-0.043453583	1
0.495595326	-0.377357246	1
-0.241654722	-0.678485777	1
0.331892161	0.036655761	1
-0.994678825	0.707971124	0
0.766060806	-0.266908914	0
-0.018877705	0.455568107	1
0.637457091	-0.128074735	1
-0.521272606	-0.948378344	0
0.355086281	-0.623178738	1
-0.856712821	-0.689886038	0
-0.549563137	0.978357258	0
-0.434594698	0.33146017	1
0.188233781	0.312863276	1
-0.048079001	0.60988323	1
0.021313127	-0.233640332	1
-0.541652217	-0.463508175	1
0.176941725	-0.614416723	1
-0.747000772	0.19317342	1
0.885534498	-0.225801769	0
0.767715962	0.860775471	0
-0.143865583	-0.090710773	1
-0.345456678	0.602982409	1
0.4683329	0.185616925	1
0.27993623	0.408749225	1
0.317483874	-0.802420054	0
-0.040162063	0.831029444	0
0.010951996	0.049474918	1
0.91355661	-0.541853544	0
-0.542460723	0.211591736	1
0.933636137	0.675361569	0
0.504527727	-0.699827611	0
-0.421622989	0.043696062	1
0.477967362	0.161404383	1
0.560650331	-0.499340979	1
0.152059071	-0.233999381	1
-0.491204086	-0.962005954	0
0.928306385	-0.409616312	0
0.399482306	-0.307879257	1
0.651815627	-0.594522411	0
-0.017202981	0.667623009	1
-0.556641936	-0.214094062	1
0.732164032	-0.87496674	0
-0.100385124	0.772820673	1
-0.974310591	-0.30305824	0
-0.906743158	-0.989431661	0
0.045184814	0.78564832	1
0.830763598	-0.407339158	0
-0.107927533	0.090040681	1
0.261738564	0.039466324	1
0.607416393	-0.433409068	1
-0.51371093	-0.547846743	1
0.682060618	-0.914508799	0
0.31016904	0.311227012	1
0.198711365	0.813740734	0
-0.933248589	-0.783546747	0
0.961581509	0.394597148	0
-0.671479882	0.29626703	1
0.61249502	-0.355031832	1
-0.893230154	0.297415898	0
-0.733309359	0.806496973	0
0.242301356	0.136758188	1
-0.489464676	0.950273802	0
-0.700678245	0.356699036	1
0.781435312	0.138756433	1
0.084004559	0.059731274	1
0.603526967	0.981446405	0
0.110485924	-0.364485825	1
0.906945241	-0.984916724	0
-0.316613347	0.528228564	1
0.698168797	0.02258799	1
0.169479	-0.537308966	1
-0.134779127	-0.613432091	1
0.326372804	0.305663422	1
0.228537083	0.903393804	0
-0.874995177	0.54001375	0
0.842880953	-0.976542304	0
-0.880108431	0.566701427	0
0.603875171	0.61363423	0
-0.772086427	0.161502101	1
-0.039036046	-0.828685135	0
-0.748678272	-0.121316047	1
0.363046542	0.068770434	1
0.240269073	0.571936784	1
-0.917560066	0.023589466	0
0.908589646	0.873718051	0
0.937968584	0.784402712	0
0.488596813	0.865421248	0
0.285297174	0.411568513	1
-0.302179554	-0.959215378	0
-0.507897265	-0.49384069	1
0.432708246	-0.144016721	1
0.064832608	0.032360568	1
0.269849313	-0.13118484	1
-0.865027256	-0.509905695	0
0.621825634	0.840901068	0
0.939016325	0.281154024	0
-0.675816824	0.122854377	1
-0.843850395	0.921188526	0
0.004628534	0.846641074	0
0.315407274	0.360229587	1
0.472221712	0.434148991	1
0.239180007	-0.169180517	1
0.995060256	-0.093920723	0
-0.688893117	0.738773759	0
0.857461024	-0.061381083	0
0.451582142	-0.279349779	1
-0.959893259	0.150080993	0
-0.828967509	0.641736253	0
0.869871479	-0.475784968	0
-0.585189285	-0.095850542	1
0.277401578	-0.566916063	1
0.323353386	0.016579715	1
0.639633774	-0.598263609	0
0.562830397	-0.787821472	0
0.753924582	-0.540568868	0
0.227110329	0.319455667	1
-0.231025099	0.786014596	0
-0.327978746	0.089484367	1
0.321331833	0.958779537	0
0.82723357	-0.791220063	0
0.519051571	0.741062699	0
0.006349466	0.411174299	1
0.009927856	0.160588972	1
0.289658079	0.304138814	1
-0.385699044	0.446052116	1
0.990765863	-0.685413029	0
-0.233122836	-0.617083652	1
-0.048326595	-0.811296017	0
-0.225242847	-0.107473074	1
0.937971595	-0.897466945	0
-0.969705269	-0.743091565	0
-0.09116917	0.529008759	1
-0.957157762	-0.983835336	0
-0.981477956	-0.555882996	0
-0.162416712	0.66171725	1
-0.371796643	0.69685696	1
0.218832778	-0.579808452	1
0.396209828	0.834892333	0
0.971131855	-0.380643209	0
-0.340513907	0.97698749	0
-0.337737953	0.302275674	1
0.490527928	-0.519712742	1
-0.632503665	-0.058333016	1
0.419878629	0.914507801	0
0.649923905	0.946936839	0
0.018164569	-0.847880875	0
-0.217435218	-0.573497666	1
0.560663382	0.399097484	1
0.106102617	-0.667309183	1
-0.562935468	0.942937541	0
-0.14626193	0.178550296	1
-0.543330698	-0.882626989	0
0.941743546	-0.367174663	0
0.231663272	-0.369992562	1
-0.915456703	-0.025807065	0
-0.146623239	0.562798208	1
0.393242628	0.617611781	1
0.207228424	0.456989334	1
-0.129151981	0.274188735	1
0.95931421	-0.42271334	0
0.651849488	-0.128300781	1
0.26060943	-0.502614284	1
-0.373238189	-0.80718048	0
0.781692273	-0.181467066	0
0.235943166	0.798064871	0
0.203342242	-0.555394888	1
0.486352497	-0.104547725	1
0.633610176	0.393074332	1
0.30882242	0.595755643	1
0.694188437	0.950169252	0
0.720063983	0.825340584	0
-0.441060131	-0.378384346	1
0.053576748	0.218400437	1
0.844218123	-0.352161508	0
-0.772017867	-0.813725118	0
-0.495397457	-0.678937375	0
0.329634768	0.258348022	1
-0.872784446	-0.147864712	0
-0.944406317	-0.352371978	0
0.459874462	-0.084117334	1